0.2	6	5.347436158
0.25	7	7.462058963
0.3	11	10.0970541
0.35	15	13.23480892
0.4	17	16.8577108
0.45	21	20.94814709
0.5	25	25.48850516
0.55	29	30.46117236
0.6	33	35.84853607
0.65	39	41.63298364
0.7	47	47.79690243
0.75	53	54.32267981
0.8	59	61.19270314
0.85	69	68.38935978
0.9	84	75.89503709
0.95	89	83.69212244
1	91	91.76300319
1.05	97	100.0900667
1.1	106	108.6557003
1.15	118	117.4422914
1.2	126	126.4322274
1.25	136	135.6078955
1.3	147	144.9516833
1.35	156	154.4459779
1.4	166	164.0731669
1.45	176	173.8156375
1.5	184	183.6557771
1.55	190	193.5759731
1.6	200	203.5586129
1.65	211	213.5860837
1.7	222	223.640773
1.75	233	233.7050682
1.8	245	243.7613565
1.85	256	253.7920254
1.9	265	263.7794622
1.9	265	265.9230371
1.95	277	277.3666592
2	289	288.6742199
2.05	301	299.8463149
2.1	311	310.8835396
2.15	320	321.7864896
2.2	333	332.5557603
2.25	345	343.1919475
2.3	355	353.6956465
2.35	364	364.0674529
2.4	376	374.3079623
2.45	387	384.4177701
2.5	395	394.397472
2.55	401	404.2476635
2.6	412	413.9689401
2.65	424	423.5618974
2.7	436	433.0271308
2.75	444	442.3652359
2.8	450	451.5768083
2.85	459	460.6624435
2.9	470	469.622737
2.95	480	478.4582844
3	486	487.1696812
3.05	493	495.7575229
3.1	502	504.2224052
3.15	512	512.5649234
3.2	521	520.7856732
3.25	529	528.8852501
3.3	535	536.8642496
3.35	544	544.7232673
3.4	552	552.4628987
3.45	559	560.0837393
3.5	566	567.5863848
3.55	574	574.9714305
3.6	584	582.2394721
3.65	593	589.3911051
3.7	597	596.426925
3.75	600	603.3475273
3.8	612	610.1535077
3.85	619	616.8454617
3.9	619	623.4239847
3.95	623	629.8896723
4	635	636.24312
4.05	644	642.4849235
4.1	651	648.6156782
4.15	656	654.6359797
4.2	661	660.5464234
4.25	666	666.347605
4.3	674	672.04012
4.35	679	677.6245639
4.4	684	683.1015322
4.45	689	688.4716206
4.5	695	693.7354244
4.55	700	698.8935394
4.6	706	703.9465609
4.65	710	708.8950846
4.7	714	713.7397059
4.75	720	718.4810205
4.8	724	723.1196238
4.85	727	727.6561114
4.9	732	732.0910788
4.95	737	736.4251216
5	742	740.6588353
5.05	744	744.7928154
5.1	749	748.8276575
5.15	753	752.7639572
5.2	756	756.6023098
5.25	760	760.3433111
5.3	764	763.9875565
5.35	768	767.5356415
5.4	771	770.9881617
5.45	775	774.3457127
5.5	778	777.60889
5.55	781	780.778289
5.6	783	783.8545054
5.65	787	786.8381347
5.7	790	789.7297725
5.75	793	792.5300141
5.8	796	795.2394553
5.85	797	797.8586915
5.9	801	800.3883183
5.95	802	802.8289312
6	805	805.1811258
6.05	807	807.4454975
6.1	809	809.622642
6.15	810	811.7131547
6.2	812	813.7176312
6.25	814	815.636667
6.3	814	817.4708578
6.35	818	819.2207989
6.4	819	820.887086
6.45	823	822.4703145
6.5	824	823.9710801
6.55	825	825.3899782
6.6	827	826.7276045
6.65	829	827.9845543
6.7	830	829.1614234
6.75	832	830.2588071
6.8	833	831.2773011
6.85	833	832.2175009
6.9	834	833.080002
6.95	833	833.8653999
7	835	834.5742903
7.05	834	835.2072686
7.1	835	835.7649303
7.15	836	836.2478711
7.2	837	836.6566864
7.25	838	836.9919717
7.3	837	837.2543227
7.35	838	837.4443349
7.4	838	837.5626037
7.5	870	860.1283526
7.55	864	858.5597492
7.6	855	856.9881688
7.65	856	855.4136229
7.7	852	853.8361232
7.75	851	852.255681
7.8	843	850.672308
7.85	845	849.0860157
7.9	848	847.4968156
7.95	849	845.9047193
8	849	844.3097384
8.05	845	842.7118843
8.1	840	841.1111686
8.15	834	839.5076028
8.2	832	837.9011985
8.25	831	836.2919673
8.3	830	834.6799206
8.35	832	833.0650701
8.4	836	831.4474272
8.45	837	829.8270034
8.5	834	828.2038105
8.55	830	826.5778597
8.6	826	824.9491629
8.65	818	823.3177313
8.7	818	821.6835767
8.75	821	820.0467105
8.8	817	818.4071443
8.85	813	816.7648896
8.9	812	815.1199579
8.95	813	813.4723609
9	813	811.82211
9.05	811	810.1692168
9.1	810	808.5136929
9.15	808	806.8555497
9.2	805	805.1947988
9.25	805	803.5314517
9.3	802	801.8655201
9.35	800	800.1970154
9.4	798	798.5259491
9.45	797	796.8523329
9.5	793	795.1761783
9.55	793	793.4974967
9.6	792	791.8162998
9.65	790	790.132599
9.7	788	788.446406
9.75	787	786.7577323
9.8	786	785.0665893
9.85	783	783.3729887
9.9	780	781.676942
9.95	780	779.9784607
10	778	778.2775564
10.05	776	776.5742405
10.1	775	774.8685248
10.15	774	773.1604206
10.2	773	771.4499396
10.25	771	769.7370932
10.3	769	768.0218931
10.35	768	766.3043507
10.4	764	764.5844776
10.45	763	762.8622854
10.5	760	761.1377855
10.55	761	759.4109895
10.6	758	757.6819091
10.65	756	755.9505556
10.7	755	754.2169407
10.75	753	752.4810758
10.8	750	750.7429726
10.85	748	749.0026426
10.9	747	747.2600972
10.95	747	745.5153482
11	744	743.7684069
11.05	742	742.0192849
11.1	738	740.2679938
11.15	737	738.5145452
11.2	737	736.7589505
11.25	736	735.0012213
11.3	735	733.2413691
11.35	734	731.4794055
11.4	734	729.7153421
11.45	731	727.9491903
11.5	728	726.1809617
11.55	725	724.4106678
11.6	722	722.6383203
11.65	720	720.8639305
11.7	719	719.0875102
11.75	718	717.3090707
11.8	714	715.5286237
11.85	713	713.7461807
11.9	712	711.9617532
11.95	710	710.1753529
12	708	708.3869911
12.05	708	706.5966795
12.1	707	704.8044295
12.15	705	703.0102529
12.2	703	701.214161
12.25	700	699.4161654
12.3	697	697.6162777
12.35	695	695.8145094
12.4	692	694.010872
12.45	691	692.2053771
12.5	688	690.3980363
12.55	686	688.588861
12.6	682	686.7778629
12.65	681	684.9650533
12.7	679	683.150444
12.75	678	681.3340465
12.8	678	679.5158721
12.85	678	677.6959327
12.9	675	675.8742395
12.95	673	674.0508043
13	671	672.2256385
13.05	668	670.3987537
13.1	668	668.5701614
13.15	668	666.7398732
13.2	666	664.9079006
13.25	666	663.0742551
13.3	662	661.2389483
13.35	660	659.4019918
13.4	659	657.563397
13.45	658	655.7231755
13.5	656	653.8813389
13.55	654	652.0378987
13.6	651	650.1928664
13.65	649	648.3462536
13.7	647	646.4980718
13.75	642	644.6483325
13.8	638	642.7970474
13.85	639	640.9442279
13.9	638	639.0898856
13.95	638	637.234032
14	637	635.3766787
14.05	634	633.5178371
14.1	631	631.657519
14.15	631	629.7957357
14.2	632	627.9324988
14.25	633	626.0678199
14.3	630	624.2017106
14.35	626	622.3341822
14.4	625	620.4652465
14.45	621	618.5949149
14.5	619	616.723199
14.55	618	614.8501103
14.6	614	612.9756604
14.65	609	611.0998607
14.7	604	609.2227229
14.75	602	607.3442585
14.8	600	605.464479
14.85	599	603.583396
14.9	597	601.701021
14.95	597	599.8173655
15	598	597.9324411
15.05	601	596.0462593
15.1	601	594.1588317
15.15	599	592.2701699
15.2	598	590.3802852
15.25	594	588.4891894
15.3	588	586.5968939
15.35	583	584.7034103
15.4	580	582.8087501
15.45	579	580.9129249
15.5	577	579.0159461
15.55	571	577.1178254
15.6	567	575.2185743
15.65	565	573.3182043
15.7	564	571.416727
15.75	565	569.5141539
15.8	564	567.6104965
15.85	562	565.7057664
15.9	560	563.7999751
15.95	559	561.8931342
16	560	559.9852553
16.05	562	558.0763498
16.1	562	556.1664292
16.15	561	554.2555052
16.2	558	552.3435893
16.25	553	550.430693
16.3	551	548.5168279
16.35	548	546.6020054
16.45	538	526.5351468
16.5	537	525.5561039
16.55	533	524.5764056
16.6	528	523.5960545
16.65	533	522.6150529
16.7	539	521.6334035
16.75	533	520.6511087
16.8	531	519.668171
16.85	529	518.684593
16.9	529	517.700377
16.95	527	516.7155256
17	525	515.7300414
17.05	522	514.7439267
17.1	521	513.7571841
17.15	518	512.7698161
17.2	513	511.7818252
17.25	509	510.7932139
17.3	507	509.8039847
17.35	506	508.81414
17.4	505	507.8236824
17.45	504	506.8326144
17.5	501	505.8409384
17.55	498	504.8486571
17.6	496	503.8557727
17.65	495	502.8622879
17.7	493	501.8682052
17.75	495	500.873527
17.8	495	499.8782559
17.85	490	498.8823943
17.9	488	497.8859448
17.95	488	496.8889097
18	491	495.8912918
18.05	492	494.8930933
18.1	491	493.8943169
18.15	490	492.894965
18.2	488	491.8950401
18.25	489	490.8945447
18.3	488	489.8934813
18.35	486	488.8918525
18.4	486	487.8896606
18.45	486	486.8869083
18.5	487	485.8835979
18.55	485	484.8797321
18.6	482	483.8753132
18.65	481	482.8703438
18.7	480	481.8648265
18.75	478	480.8587635
18.8	477	479.8521576
18.85	476	478.8450112
18.9	476	477.8373267
18.95	475	476.8291067
19	473	475.8203536
19.05	473	474.81107
19.1	473	473.8012584
19.15	472	472.7909212
19.2	471	471.780061
19.25	469	470.7686802
19.3	469	469.7567814
19.35	468	468.744367
19.4	466	467.7314396
19.45	465	466.7180016
19.5	465	465.7040555
19.55	464	464.6896038
19.6	462	463.6746491
19.65	461	462.6591938
19.7	461	461.6432404
19.75	458	460.6267914
19.8	456	459.6098493
19.85	455	458.5924167
19.9	454	457.5744959
19.95	455	456.5560896
20	453	455.5372001
20.05	452	454.5178301
20.1	451	453.4979819
20.15	450	452.4776581
20.2	449	451.4568612
20.25	449	450.4355937
20.3	447	449.4138581
20.35	447	448.3916568
20.4	446	447.3689924
20.45	444	446.3458674
20.5	442	445.3222842
20.55	443	444.2982454
20.6	441	443.2737535
20.65	441	442.2488109
20.7	440	441.2234201
20.75	440	440.1975838
20.8	438	439.1713042
20.85	436	438.144584
20.9	436	437.1174256
20.95	435	436.0898316
21	434	435.0618044
21.05	432	434.0333465
21.1	431	433.0044605
21.15	430	431.9751487
21.2	429	430.9454138
21.25	429	429.9152582
21.3	427	428.8846844
21.35	425	427.853695
21.4	425	426.8222923
21.45	423	425.7904789
21.5	423	424.7582573
21.55	421	423.72563
21.6	420	422.6925995
21.65	419	421.6591683
21.7	419	420.6253389
21.75	418	419.5911137
21.8	417	418.5564954
21.85	416	417.5214863
21.9	414	416.486089
21.95	413	415.4503059
22	413	414.4141396
22.05	413	413.3775926
22.1	412	412.3406673
22.15	411	411.3033663
22.2	410	410.265692
22.25	409	409.227647
22.3	408	408.1892337
22.35	407	407.1504546
22.4	405	406.1113123
22.45	404	405.0718092
22.5	404	404.0319479
22.55	402	402.9917308
22.6	401	401.9511604
22.65	401	400.9102392
22.7	400	399.8689698
22.75	401	398.8273545
22.8	399	397.785396
22.85	397	396.7430966
22.9	396	395.700459
22.95	395	394.6574856
23	394	393.6141789
23.05	393	392.5705413
23.1	393	391.5265755
23.15	391	390.4822838
23.2	391	389.4376688
23.25	390	388.392733
23.3	389	387.3474789
23.35	387	386.301909
23.4	388	385.2560257
23.45	387	384.2098316
23.5	383	383.1633291
23.55	383	382.1165208
23.6	382	381.0694092
23.65	381	380.0219967
23.7	380	378.9742859
23.75	379	377.9262792
23.8	378	376.8779792
23.85	376	375.8293882
23.9	376	374.780509
23.95	374	373.7313438
24	372	372.6818953
24.05	372	371.632166
24.1	371	370.5821582
24.15	369	369.5318746
24.2	369	368.4813175
24.25	366	367.4304896
24.3	366	366.3793933
24.35	365	365.3280311
24.4	366	364.2764055
24.45	363	363.224519
24.5	364	362.1723741
24.55	362	361.1199733
24.6	361	360.0673191
24.65	359	359.014414
24.7	358	357.9612604
24.75	357	356.907861
24.8	355	355.8542181
24.85	354	354.8003342
24.9	354	353.746212
24.95	355	352.6918538
25	353	351.6372622
25.05	353	350.5824396
25.1	351	349.5273886
25.15	349	348.4721116
25.2	348	347.4166112
25.25	348	346.3608898
25.3	348	345.30495
25.35	346	344.2487942
25.4	346	343.192425
25.45	344	342.1358448
25.5	343	341.0790561
25.55	342	340.0220614
25.6	342	338.9648633
25.65	337	337.9074641
25.7	337	336.8498665
25.75	336	335.7920729
25.8	334	334.7340858
25.85	333	333.6759078
25.9	331	332.6175412
25.95	331	331.5589886
26	330	330.5002525
26.05	329	329.4413354
26.1	328	328.3822398
26.15	326	327.3229682
26.2	325	326.263523
26.25	324	325.2039069
26.3	323	324.1441222
26.35	322	323.0841714
26.4	322	322.0240572
26.45	321	320.9637819
26.5	320	319.9033481
26.55	320	318.8427582
26.6	320	317.7820148
26.65	318	316.7211203
26.7	317	315.6600773
26.75	315	314.5988883
26.8	314	313.5375556
26.85	314	312.4760819
26.9	312	311.4144697
26.95	312	310.3527214
27	310	309.2908395
27.05	310	308.2288265
27.1	308	307.1666849
27.15	307	306.1044173
27.2	307	305.0420261
27.25	306	303.9795138
27.3	305	302.9168829
27.35	303	301.8541359
27.4	303	300.7912753
27.45	302	299.7283036
27.5	302	298.6652233
27.55	300	297.6020369
27.6	299	296.5387469
27.65	298	295.4753557
27.7	297	294.411866
27.75	296	293.3482801
27.8	295	292.2846006
27.85	295	291.2208299
27.9	294	290.1569707
27.95	292	289.0930253
28	292	288.0289962
28.05	290	286.964886
28.1	290	285.9006972
28.15	286	284.8364322
28.2	286	283.7720936
28.25	286	282.7076838
28.3	285	281.6432053
28.35	283	280.5786607
28.4	282	279.5140525
28.45	281	278.449383
28.5	280	277.3846549
28.55	279	276.3198706
28.6	277	275.2550326
28.65	276	274.1901434
28.7	275	273.1252056
28.75	276	272.0602216
28.8	274	270.9951938
28.85	271	269.9301249
28.9	270	268.8650173
28.95	270	267.7998735
29	269	266.7346959
29.05	268	265.6694872
29.1	268	264.6042497
29.15	268	263.538986
29.2	266	262.4736986
29.25	265	261.40839
29.3	263	260.3430627
29.35	262	259.2777191
29.4	260	258.2123618
29.45	259	257.1469933
29.5	258	256.081616
29.55	258	255.0162324
29.6	257	253.9508452
29.65	255	252.8854566
29.7	253	251.8200694
29.75	253	250.7546858
29.8	252	249.6893085
29.85	251	248.62394
29.9	250	247.5585827
29.95	248	246.4932391
30	247	245.4279117
30.05	245	244.362603
30.1	244	243.2973156
30.15	244	242.2320519
30.2	243	241.1668144
30.25	243	240.1016056
30.3	240	239.036428
30.35	240	237.9712842
30.4	238	236.9061765
30.45	237	235.8411075
30.5	237	234.7760797
30.55	235	233.7110956
30.6	234	232.6461577
30.65	234	231.5812685
30.7	232	230.5164304
30.75	231	229.451646
30.8	231	228.3869178
30.85	228	227.3222483
30.9	227	226.2576399
30.95	226	225.1930952
31	225	224.1286167
31.05	223	223.0642068
31.1	223	221.9998681
31.15	222	220.935603
31.2	220	219.871414
31.25	218	218.8073037
31.3	217	217.7432746
31.35	216	216.679329
31.4	214	215.6154696
31.45	213	214.5516989
31.5	212	213.4880192
31.55	211	212.4244332
31.6	210	211.3609433
31.65	208	210.2975521
31.7	207	209.2342619
31.75	205	208.1710753
31.8	204	207.1079949
31.85	204	206.045023
31.9	203	204.9821623
31.95	201	203.9194151
32	201	202.856784
32.05	200	201.7942716
32.1	197	200.7318802
32.15	198	199.6696124
32.2	198	198.6074706
32.25	196	197.5454575
32.3	195	196.4835754
32.35	194	195.4218269
32.4	193	194.3602144
32.45	192	193.2987405
32.5	191	192.2374077
32.55	189	191.1762184
32.6	188	190.1151752
32.65	187	189.0542806
32.7	186	187.9935369
32.75	184	186.9329468
32.8	183	185.8725128
32.85	181	184.8122373
32.9	182	183.7521228
32.95	180	182.6921718
33	178	181.6323869
33.05	178	180.5727705
33.1	176	179.5133251
33.15	176	178.4540532
33.2	175	177.3949574
33.25	173	176.33604
33.3	174	175.2773037
33.35	173	174.2187508
33.4	173	173.160384
33.45	173	172.1022056
33.5	171	171.0442183
33.55	171	169.9864244
33.6	170	168.9288265
33.65	168	167.8714271
33.7	168	166.8142287
33.75	166	165.7572337
33.8	166	164.7004447
33.85	165	163.6438642
33.9	162	162.5874947
33.95	161	161.5313386
34	159	160.4753984
34.05	158	159.4196768
34.1	156	158.364176
34.15	155	157.3088988
34.2	155	156.2538474
34.25	153	155.1990245
34.3	152	154.1444326
34.35	150	153.0900741
34.4	151	152.0359515
34.45	148	150.9820673
34.5	149	149.9284241
34.55	146	148.8750242
34.6	147	147.8218703
34.65	144	146.7689649
34.7	143	145.7163103
34.75	144	144.6639091
34.8	142	143.6117639
34.85	143	142.559877
34.9	139	141.508251
34.95	139	140.4568885
35	136	139.4057918
35.05	137	138.3549635
35.1	135	137.3044061
35.15	132	136.254122
35.2	133	135.2041139
35.25	132	134.1543841
35.3	131	133.1049352
35.35	129	132.0557697
35.4	128	131.00689
35.45	128	129.9582987
35.5	126	128.9099982
35.55	125	127.8619911
35.6	123	126.8142799
35.65	123	125.766867
35.7	123	124.7197549
35.75	123	123.6729462
35.8	121	122.6264433
35.85	120	121.5802487
35.9	119	120.534365
35.95	117	119.4887946
36	116	118.44354
36.05	115	117.3986038
36.1	115	116.3539884
36.15	113	115.3096962
36.2	111	114.2657299
36.25	110	113.2220919
36.3	109	112.1787847
36.35	108	111.1358108
36.4	106	110.0931727
36.45	106	109.0508729
36.5	105	108.0089139
36.55	104	106.9672982
36.6	104	105.9260282
36.65	102	104.8851065
36.7	102	103.8445356
36.75	101	102.804318
36.8	100	101.7644562
36.85	99	100.7249526
36.9	98	99.68580977
36.95	97	98.64703021
37	97	97.60861641
37.05	96	96.57057085
37.1	96	95.53289605
37.15	95	94.4955945
37.2	93	93.45866869
37.25	92	92.42212111
37.3	93	91.38595428
37.35	91	90.35017067
37.4	90	89.3147728
37.45	89	88.27976315
37.5	90	87.24514423
37.55	89	86.21091852
37.6	88	85.17708853
37.65	86	84.14365676
37.7	86	83.11062569
37.75	84	82.07799783
37.8	84	81.04577567
37.85	83	80.01396171
37.9	81	78.98255845
37.95	80	77.95156838
38	78	76.920994
38.05	78	75.89083781
38.1	76	74.86110229
38.15	76	73.83178996
38.2	73	72.80290331
38.25	72	71.77444482
38.3	72	70.74641701
38.35	70	69.71882236
38.4	70	68.69166337
38.45	68	67.66494254
38.5	67	66.63866237
38.55	67	65.61282535
38.6	66	64.58743398
38.65	65	63.56249075
38.7	63	62.53799817
38.75	63	61.51395873
38.8	61	60.49037492
38.85	61	59.46724924
38.9	60	58.4445842
38.95	59	57.42238228
39	58	56.40064598
39.05	57	55.3793778
39.1	56	54.35858023
39.15	54	53.33825578
39.2	54	52.31840693
39.25	53	51.29903619
39.3	52	50.28014606
39.35	51	49.26173902
39.4	49	48.24381758
39.45	49	47.22638423
39.5	47	46.20944146
39.55	46	45.19299179
39.6	45	44.17703769
39.65	44	43.16158167
39.7	43	42.14662623
39.75	43	41.13217386
39.8	42	40.11822706
39.85	42	39.10478833
39.9	40	38.09186015
39.95	39	37.07944503
40	38	36.06754547
40.05	36	35.05616396
40.1	36	34.045303
40.15	34	33.03496509
40.2	33	32.02515271
40.25	32	31.01586838
40.3	31	30.00711458
40.35	30	28.99889381
40.4	29	27.99120856
40.45	28	26.98406135
40.5	27	25.97745465
40.55	26	24.97139097
40.6	26	23.96587281
40.65	25	22.96090266
40.7	24	21.95648302
40.75	22	20.95261638
40.8	20	19.94930524
40.85	19	18.9465521
40.9	18	17.94435946
40.95	18	16.94272981
41	16	15.94166564
41.05	15	14.94116946
41.1	14	13.94124376
41.15	12	12.94189104
41.2	11	11.94311379
41.25	10	10.94491451
41.3	8	9.947295705
41.35	7	8.95025986
41.4	6	7.953809477
41.45	5	6.957947052
41.5	4	5.962675081
41.55	4	4.96799606
41.6	3	3.973912488
41.65	2	2.980426859
41.7	0	1.987541672
